14790778490106626048.000000 18542623102040965120.000000 10183828393060333568.000000 15228471729324050432.000000 15131410090235199488.000000 11832696095979857920.000000 13005485110861969408.000000 12408883488371212288.000000 13465159860580653056.000000 16912217805976457216.000000 
8210649733946606592.000000 12605072275199582208.000000 8399267054456957952.000000 10926958943771928576.000000 10441024113545492480.000000 8341514116786336768.000000 9790162925816264704.000000 9712118503825154048.000000 10848147445251735552.000000 14634887873939912704.000000 
12006939032998420480.000000 14090785993861699584.000000 8019675011309657088.000000 12418029121128587264.000000 12787628985896968192.000000 9469144845627500544.000000 9326995128635951104.000000 9903976153157050368.000000 11200265547599298560.000000 12814452722506731520.000000 
11945810174619891712.000000 16444375538036983808.000000 9673048796530458624.000000 13231116122219464704.000000 14047845501496152064.000000 12916248247662534656.000000 10946538126853038080.000000 11982904036551624704.000000 14809696505903110144.000000 17492605216754266112.000000 
12373077993092278272.000000 19033830809780953088.000000 11788984112752656384.000000 15590577286173321216.000000 15193583753483055104.000000 11522057309327472640.000000 12829249156207323136.000000 13846242425930702848.000000 14719545579062173696.000000 17626392366100484096.000000 
10045107008932712448.000000 17051319947611871232.000000 10907450178643101696.000000 11516043420924317696.000000 10302012512926889984.000000 10055615663815667712.000000 12400572247447322624.000000 12971483126660788224.000000 15435666184725567488.000000 16708919150942605312.000000 
10032359394005704704.000000 16093414251559460864.000000 9534519955080845312.000000 13055923358947518464.000000 12392489613751701504.000000 7049673032921448448.000000 11913380543690731520.000000 11762244643489292288.000000 11577801703761416192.000000 11522920572713834496.000000 
9283138391973750784.000000 12295632183432982528.000000 7292683577305166848.000000 11387948469081118720.000000 10987991866689054720.000000 7136465932659828736.000000 9547135612542857216.000000 9142954821873033216.000000 9839388041229273088.000000 11502106479183300608.000000 
15764690118068985856.000000 21118542730828861440.000000 10764974988930711552.000000 20557736259570135040.000000 19798673194127032320.000000 12199703010230509568.000000 16886986125341693952.000000 15989245843885543424.000000 15441033439063511040.000000 17741096815856269312.000000 
12644406391584430080.000000 17200429698435579904.000000 11095191379591878656.000000 13713461321657352192.000000 13489083202236616704.000000 10034152785960968192.000000 14776096291166945280.000000 14063089407546970112.000000 15911908616162897920.000000 17024235307678492672.000000 
